2011 12 30 04   -11  -128 10173   260    36     8     0 -9999 bos
2011 12 30 05 -9999 -9999 -9999 -9999 -9999     7     0 -9999 bos
2011 12 30 06   -17  -122 10171   250    41     4     0 -9999 bos
2011 12 30 07   -11  -117 10176   270    26     7     0 -9999 bos
2011 12 30 08   -22  -111 10180   230    26     2     0 -9999 bos
2011 12 30 09   -11  -106 10176     0     0     8     0 -9999 bos
2011 12 30 10   -11   -94 10179   190    15     8     0 -9999 bos
2011 12 30 11    -6  -100 10178   170    15     8     0 -9999 bos
2011 12 30 12   -17   -83 10182   180    15     4     0 -9999 bos
2011 12 30 13     0   -72 10191     0     0     8     0 -9999 bos
2011 12 30 14    11   -61 10193    50    15     8     0 -9999 bos
2011 12 30 15    17   -56 10199     0     0     8     0 -9999 bos
2011 12 30 16    28   -39 10188   100    21     8     0 -9999 bos
2011 12 30 17    39   -22 10179    90    21     8     0 -9999 bos
2011 12 30 18    56    11 10174   100    21     8     0 -9999 bos
2011 12 30 19    61    22 10176    80    31     8     0 -9999 bos
2011 12 30 20    61    28 10180    60    15     7     0 -9999 bos
2011 12 30 21    56    28 10184    10    26     6     0 -9999 bos
2011 12 30 22    33   -22 10186   360    26     7     0 -9999 bos
2011 12 30 23    28   -28 10189   350    26     7     0 -9999 bos
2011 12 31 00    28   -22 10191   320    21     6     0 -9999 bos
2011 12 31 01    22   -17 10191   340    21     7     0 -9999 bos
2011 12 31 02    22   -17 10191   320    21     8     0 -9999 bos
2011 12 31 03    22   -22 10192   310    21     8     0 -9999 bos
2011 12 31 04    22   -22 10189   340    26     8     0 -9999 bos
2011 12 31 05 -9999 -9999 -9999 -9999 -9999     8     0 -9999 bos
2011 12 31 06    22   -17 10178   330    26     8     0 -9999 bos
2011 12 31 07    22   -11 10174    10    21     8     0 -9999 bos
2011 12 31 08    28    -6 10171   330    26     8     0 -9999 bos
2011 12 31 09    22     0 10157   350    26     8     0 -9999 bos
2011 12 31 10    22     0 10146   350    31     8     0 -9999 bos
2011 12 31 11    28     6 10147   330    26     8     0 -9999 bos
2011 12 31 12    22     0 10146   320    36     8     0 -9999 bos
2011 12 31 13    17    -6 10144   320    41     8     0 -9999 bos
2011 12 31 14    17     6 10145   320    15     8    -1 -9999 bos
2011 12 31 15    17     6 10131     0     0     8     3 -9999 bos
2011 12 31 16    22    11 10126   280    21     8    -1 -9999 bos
2011 12 31 17    28    17 10112   300    36     8    -1 -9999 bos
2011 12 31 18    33    17 10099     0     0     8     0     3 bos
2011 12 31 19    33    17 10099   300    36     8     0 -9999 bos
2011 12 31 20    39    17 10096   360    15     8     0 -9999 bos
2011 12 31 21    39    22 10097   300    21     8     0 -9999 bos
2011 12 31 22    33    22 10102   300    31     8     0 -9999 bos
2011 12 31 23    33    22 10104   320    41     8     0 -9999 bos
2000 01 01 00    22     0 10211     0     0     0     0     0 bal
2000 01 01 01    11    -6 10217     0     0     0     0 -9999 bal
2000 01 01 02     6   -11 10223     0     0     0     0 -9999 bal
2000 01 01 03    -6   -17 10224     0     0     0     0 -9999 bal
2000 01 01 04   -11   -22 10225   280    15     0     0 -9999 bal
2000 01 01 05   -11   -22 10227     0     0     0     0 -9999 bal
2000 01 01 06   -22   -33 10226     0     0     0     0     0 bal
2000 01 01 07   -17   -28 10228     0     0     0     0 -9999 bal
2000 01 01 08   -28   -33 10235     0     0     0     0 -9999 bal
2000 01 01 09   -28   -39 10230     0     0 -9999     0 -9999 bal
2000 01 01 10   -33   -39 10232     0     0     0     0 -9999 bal
2000 01 01 11   -33   -44 10235     0     0     0     0 -9999 bal
2000 01 01 12   -39   -50 10242     0     0     0     0     0 bal
2000 01 01 13   -39   -50 10249     0     0     7     0 -9999 bal
2000 01 01 14   -11   -11 10255     0     0     9     0 -9999 bal
2000 01 01 15     0     0 10259     0     0     9     0 -9999 bal
2000 01 01 16    22    22 10259     0     0     9     0 -9999 bal
2000 01 01 17    33    33 10246     0     0     7     0 -9999 bal
2000 01 01 18    50    39 10237    70    21     4     0     0 bal
2000 01 01 19    72    33 10235 -9999    15     4     0 -9999 bal
2000 01 01 20    67    39 10235    30    26     4     0 -9999 bal
2000 01 01 21    67    39 10234    90    26     8     0 -9999 bal
2000 01 01 22    61    44 10234    90    26     8     0 -9999 bal
2000 01 01 23    61    44 10238     0     0     8     0 -9999 bal
2000 01 02 00    50    39 10237    70    15     4     0     0 bal
2000 01 02 01    39    28 10240     0     0     2     0 -9999 bal
2000 01 02 02    39    33 10238     0     0     4     0 -9999 bal
2000 01 02 03    28    22 10236     0     0     4     0 -9999 bal
2000 01 02 04    22    17 10236     0     0     8     0 -9999 bal
2000 01 02 05    28    22 10233     0     0     8     0 -9999 bal
2000 01 02 06    28    22 10228     0     0     8     0     0 bal
2000 01 02 07    33    28 10226     0     0     8     0 -9999 bal
2000 01 02 08    44    33 10225     0     0     8     0 -9999 bal
2000 01 02 09    44    33 10223     0     0     8     0 -9999 bal
2000 01 02 10    39    33 10219     0     0     8     0 -9999 bal
2000 01 02 11    28    28 10217     0     0     4     0 -9999 bal
2000 01 02 12    22    22 10219     0     0     4     0     0 bal
2000 01 02 13    22    22 10220     0     0 -9999     0 -9999 bal
2000 01 02 14    20    20 10220     0     0     4     0 -9999 bal
2000 01 02 15    89    61 10221     0     0     4     0 -9999 bal
2000 01 02 16   150   100 10215   210    41     4     0 -9999 bal
2000 01 02 17   172   106 10199   230    46     4     0 -9999 bal
2000 01 02 18   183   106 10187   230    57     2     0     0 bal
2000 01 02 19   194   106 10175   220    72     4     0 -9999 bal
2000 01 02 20   200   106 10167   220    67     8     0 -9999 bal
2000 01 02 21   194   106 10168   210    46     8     0 -9999 bal
2000 01 02 22   183   106 10169   200    67     8     0 -9999 bal
2000 01 02 23   172   106 10170   200    26     8     0 -9999 bal
2000 01 03 00   172   111 10166   200    46     6     0     0 bal
2000 01 03 01   167   111 10173   210    46     7     0 -9999 bal
2000 01 03 02   161   111 10173   220    41     7     0 -9999 bal
2000 01 03 03   161   111 10172   230    57     7     0 -9999 bal
2000 01 03 04   167   117 10168   230    72     8     0 -9999 bal
2000 01 03 05   161   117 10169   230    52     7     0 -9999 bal
2000 01 03 06   156   117 10167   220    41     8     0     0 bal
2000 01 03 07   150   117 10166   230    31     7     0 -9999 bal
